     5.0000       126
     5.0200        96
     5.0400        98
     5.0600       112
     5.0800        96
     5.1000       118
     5.1200       104
     5.1400       104
     5.1600        86
     5.1800       112
     5.2000       120
     5.2200        82
     5.2400       104
     5.2600        98
     5.2800       108
     5.3000       108
     5.3200        88
     5.3400       100
     5.3600       100
     5.3800        98
     5.4000        76
     5.4200        92
     5.4400       106
     5.4600        94
     5.4800        98
     5.5000        98
     5.5200        82
     5.5400       102
     5.5600       130
     5.5800        94
     5.6000       110
     5.6200       104
     5.6400        84
     5.6600       104
     5.6800        90
     5.7000        90
     5.7200       114
     5.7400        94
     5.7600        88
     5.7800       116
     5.8000        90
     5.8200        88
     5.8400        84
     5.8600        90
     5.8800        84
     5.9000        96
     5.9200        94
     5.9400        84
     5.9600        88
     5.9800        86
     6.0000        80
     6.0200        96
     6.0400        80
     6.0600        88
     6.0800        70
     6.1000        72
     6.1200        80
     6.1400       108
     6.1600        78
     6.1800       100
     6.2000        78
     6.2200        92
     6.2400        82
     6.2600        76
     6.2800        90
     6.3000        92
     6.3200       100
     6.3400        76
     6.3600        82
     6.3800        92
     6.4000        90
     6.4200        82
     6.4400        88
     6.4600        76
     6.4800        94
     6.5000        76
     6.5200        90
     6.5400        80
     6.5600        88
     6.5800        84
     6.6000        76
     6.6200        96
     6.6400        94
     6.6600        92
     6.6800       112
     6.7000       108
     6.7200        76
     6.7400        98
     6.7600        94
     6.7800        88
     6.8000       102
     6.8200        96
     6.8400        84
     6.8600        98
     6.8800        96
     6.9000       110
     6.9200        94
     6.9400       118
     6.9600       106
     6.9800        88
     7.0000       110
     7.0200       112
     7.0400       118
     7.0600       126
     7.0800       124
     7.1000       118
     7.1200       118
     7.1400       140
     7.1600       156
     7.1800       128
     7.2000       148
     7.2200       152
     7.2400       132
     7.2600       158
     7.2800       130
     7.3000       142
     7.3200       152
     7.3400       120
     7.3600       126
     7.3800       120
     7.4000       110
     7.4200       108
     7.4400        92
     7.4600       102
     7.4800        92
     7.5000        86
     7.5200        78
     7.5400        84
     7.5600        70
     7.5800        68
     7.6000        60
     7.6200        76
     7.6400        76
     7.6600        64
     7.6800        62
     7.7000        64
     7.7200        70
     7.7400        58
     7.7600        60
     7.7800        76
     7.8000        84
     7.8200        70
     7.8400        72
     7.8600        52
     7.8800        76
     7.9000        54
     7.9200        66
     7.9400        60
     7.9600        70
     7.9800        52
     8.0000        64
     8.0200        64
     8.0400        48
     8.0600        46
     8.0800        62
     8.1000        58
     8.1200        52
     8.1400        60
     8.1600        68
     8.1800        64
     8.2000        74
     8.2200        68
     8.2400        72
     8.2600        76
     8.2800        52
     8.3000        74
     8.3200        54
     8.3400        58
     8.3600        62
     8.3800        50
     8.4000        52
     8.4200        60
     8.4400        66
     8.4600        64
     8.4800        50
     8.5000        76
     8.5200        64
     8.5400        42
     8.5600        48
     8.5800        60
     8.6000        48
     8.6200        50
     8.6400        56
     8.6600        58
     8.6800        54
     8.7000        46
     8.7200        58
     8.7400        56
     8.7600        58
     8.7800        60
     8.8000        52
     8.8200        54
     8.8400        54
     8.8600        42
     8.8800        40
     8.9000        56
     8.9200        64
     8.9400        42
     8.9600        52
     8.9800        50
     9.0000        68
     9.0200        62
     9.0400        62
     9.0600        62
     9.0800        76
     9.1000        54
     9.1200        64
     9.1400        60
     9.1600        58
     9.1800        44
     9.2000        48
     9.2200        58
     9.2400        60
     9.2600        64
     9.2800        52
     9.3000        42
     9.3200        62
     9.3400        46
     9.3600        46
     9.3800        40
     9.4000        56
     9.4200        48
     9.4400        62
     9.4600        58
     9.4800        46
     9.5000        48
     9.5200        38
     9.5400        52
     9.5600        40
     9.5800        50
     9.6000        50
     9.6200        48
     9.6400        52
     9.6600        52
     9.6800        56
     9.7000        60
     9.7200        50
     9.7400        42
     9.7600        54
     9.7800        50
     9.8000        52
     9.8200        48
     9.8400        42
     9.8600        48
     9.8800        42
     9.9000        50
     9.9200        44
     9.9400        40
     9.9600        56
     9.9800        52
    10.0000        42
    10.0200        46
    10.0400        42
    10.0600        60
    10.0800        40
    10.1000        54
    10.1200        52
    10.1400        50
    10.1600        44
    10.1800        58
    10.2000        60
    10.2200        46
    10.2400        60
    10.2600        44
    10.2800        50
    10.3000        38
    10.3200        44
    10.3400        54
    10.3600        48
    10.3800        34
    10.4000        50
    10.4200        42
    10.4400        42
    10.4600        40
    10.4800        38
    10.5000        46
    10.5200        48
    10.5400        38
    10.5600        44
    10.5800        50
    10.6000        44
    10.6200        42
    10.6400        46
    10.6600        40
    10.6800        40
    10.7000        50
    10.7200        48
    10.7400        46
    10.7600        42
    10.7800        42
    10.8000        46
    10.8200        42
    10.8400        48
    10.8600        38
    10.8800        52
    10.9000        46
    10.9200        48
    10.9400        62
    10.9600        44
    10.9800        46
    11.0000        52
    11.0200        46
    11.0400        46
    11.0600        42
    11.0800        38
    11.1000        48
    11.1200        48
    11.1400        34
    11.1600        70
    11.1800        58
    11.2000        38
    11.2200        46
    11.2400        52
    11.2600        42
    11.2800        48
    11.3000        36
    11.3200        52
    11.3400        38
    11.3600        44
    11.3800        50
    11.4000        52
    11.4200        38
    11.4400        40
    11.4600        40
    11.4800        32
    11.5000        34
    11.5200        38
    11.5400        44
    11.5600        44
    11.5800        38
    11.6000        34
    11.6200        42
    11.6400        50
    11.6600        36
    11.6800        34
    11.7000        36
    11.7200        38
    11.7400        34
    11.7600        26
    11.7800        40
    11.8000        50
    11.8200        42
    11.8400        24
    11.8600        44
    11.8800        40
    11.9000        36
    11.9200        38
    11.9400        40
    11.9600        44
    11.9800        38
    12.0000        46
    12.0200        56
    12.0400        28
    12.0600        48
    12.0800        34
    12.1000        34
    12.1200        38
    12.1400        44
    12.1600        30
    12.1800        36
    12.2000        40
    12.2200        40
    12.2400        36
    12.2600        36
    12.2800        48
    12.3000        26
    12.3200        46
    12.3400        40
    12.3600        42
    12.3800        36
    12.4000        30
    12.4200        38
    12.4400        40
    12.4600        30
    12.4800        40
    12.5000        28
    12.5200        34
    12.5400        24
    12.5600        20
    12.5800        34
    12.6000        46
    12.6200        48
    12.6400        28
    12.6600        26
    12.6800        38
    12.7000        38
    12.7200        30
    12.7400        30
    12.7600        26
    12.7800        48
    12.8000        42
    12.8200        26
    12.8400        34
    12.8600        40
    12.8800        36
    12.9000        34
    12.9200        30
    12.9400        38
    12.9600        36
    12.9800        36
    13.0000        32
    13.0200        34
    13.0400        28
    13.0600        34
    13.0800        36
    13.1000        34
    13.1200        28
    13.1400        30
    13.1600        44
    13.1800        34
    13.2000        42
    13.2200        28
    13.2400        34
    13.2600        32
    13.2800        34
    13.3000        36
    13.3200        34
    13.3400        24
    13.3600        34
    13.3800        30
    13.4000        46
    13.4200        32
    13.4400        38
    13.4600        38
    13.4800        36
    13.5000        30
    13.5200        40
    13.5400        40
    13.5600        42
    13.5800        22
    13.6000        38
    13.6200        38
    13.6400        40
    13.6600        34
    13.6800        50
    13.7000        44
    13.7200        40
    13.7400        48
    13.7600        52
    13.7800        62
    13.8000        40
    13.8200        54
    13.8400        54
    13.8600        58
    13.8800        46
    13.9000        58
    13.9200        62
    13.9400        62
    13.9600        66
    13.9800        56
    14.0000        68
    14.0200        74
    14.0400        58
    14.0600        72
    14.0800        68
    14.1000        64
    14.1200        60
    14.1400        68
    14.1600        74
    14.1800        52
    14.2000        38
    14.2200        44
    14.2400        34
    14.2600        60
    14.2800        52
    14.3000        34
    14.3200        44
    14.3400        62
    14.3600        60
    14.3800        52
    14.4000        56
    14.4200        48
    14.4400        60
    14.4600        42
    14.4800        60
    14.5000        56
    14.5200        58
    14.5400        60
    14.5600        60
    14.5800        44
    14.6000        38
    14.6200        50
    14.6400        46
    14.6600        44
    14.6800        38
    14.7000        32
    14.7200        28
    14.7400        50
    14.7600        32
    14.7800        28
    14.8000        26
    14.8200        26
    14.8400        14
    14.8600        40
    14.8800        24
    14.9000        46
    14.9200        30
    14.9400        38
    14.9600        30
    14.9800        32
    15.0000        32
    15.0200        24
    15.0400        26
    15.0600        30
    15.0800        34
    15.1000        36
    15.1200        38
    15.1400        44
    15.1600        36
    15.1800        32
    15.2000        36
    15.2200        28
    15.2400        34
    15.2600        34
    15.2800        32
    15.3000        22
    15.3200        34
    15.3400        42
    15.3600        34
    15.3800        26
    15.4000        28
    15.4200        26
    15.4400        26
    15.4600        32
    15.4800        20
    15.5000        30
    15.5200        30
    15.5400        28
    15.5600        36
    15.5800        28
    15.6000        54
    15.6200        34
    15.6400        18
    15.6600        38
    15.6800        42
    15.7000        30
    15.7200        30
    15.7400        28
    15.7600        32
    15.7800        20
    15.8000        30
    15.8200        26
    15.8400        24
    15.8600        36
    15.8800        34
    15.9000        18
    15.9200        32
    15.9400        26
    15.9600        34
    15.9800        18
    16.0000        26
    16.0200        30
    16.0400        30
    16.0600        34
    16.0800        24
    16.1000        30
    16.1200        28
    16.1400        26
    16.1600        32
    16.1800        32
    16.2000        36
    16.2200        34
    16.2400        34
    16.2600        28
    16.2800        34
    16.3000        28
    16.3200        32
    16.3400        32
    16.3600        22
    16.3800        30
    16.4000        32
    16.4200        36
    16.4400        38
    16.4600        36
    16.4800        34
    16.5000        36
    16.5200        20
    16.5400        36
    16.5600        34
    16.5800        32
    16.6000        34
    16.6200        32
    16.6400        32
    16.6600        32
    16.6800        46
    16.7000        36
    16.7200        42
    16.7400        44
    16.7600        38
    16.7800        28
    16.8000        34
    16.8200        36
    16.8400        34
    16.8600        30
    16.8800        46
    16.9000        44
    16.9200        42
    16.9400        40
    16.9600        40
    16.9800        48
    17.0000        34
    17.0200        48
    17.0400        46
    17.0600        44
    17.0800        36
    17.1000        24
    17.1200        52
    17.1400        32
    17.1600        48
    17.1800        42
    17.2000        38
    17.2200        42
    17.2400        46
    17.2600        46
    17.2800        50
    17.3000        44
    17.3200        32
    17.3400        36
    17.3600        40
    17.3800        40
    17.4000        42
    17.4200        42
    17.4400        42
    17.4600        40
    17.4800        40
    17.5000        28
    17.5200        36
    17.5400        42
    17.5600        42
    17.5800        38
    17.6000        38
    17.6200        34
    17.6400        32
    17.6600        32
    17.6800        24
    17.7000        28
    17.7200        30
    17.7400        36
    17.7600        30
    17.7800        24
    17.8000        28
    17.8200        24
    17.8400        28
    17.8600        34
    17.8800        32
    17.9000        34
    17.9200        24
    17.9400        18
    17.9600        32
    17.9800        32
    18.0000        26
    18.0200        28
    18.0400        30
    18.0600        22
    18.0800        28
    18.1000        26
    18.1200        18
    18.1400        26
    18.1600        20
    18.1800        24
    18.2000        24
    18.2200        22
    18.2400        20
    18.2600        20
    18.2800        24
    18.3000        30
    18.3200        18
    18.3400        42
    18.3600        28
    18.3800        26
    18.4000        20
    18.4200        26
    18.4400        32
    18.4600        28
    18.4800        30
    18.5000        24
    18.5200        18
    18.5400        24
    18.5600        26
    18.5800        24
    18.6000        30
    18.6200        20
    18.6400        24
    18.6600        16
    18.6800        24
    18.7000        26
    18.7200        18
    18.7400        14
    18.7600        34
    18.7800        20
    18.8000        32
    18.8200        22
    18.8400        18
    18.8600        20
    18.8800        18
    18.9000        20
    18.9200        34
    18.9400        26
    18.9600        26
    18.9800        24
    19.0000        22
    19.0200        16
    19.0400        16
    19.0600        26
    19.0800        38
    19.1000        30
    19.1200        22
    19.1400        26
    19.1600        30
    19.1800        18
    19.2000        44
    19.2200        24
    19.2400        28
    19.2600        30
    19.2800        32
    19.3000        32
    19.3200        32
    19.3400        24
    19.3600        32
    19.3800        26
    19.4000        20
    19.4200        34
    19.4400        22
    19.4600        28
    19.4800        34
    19.5000        24
    19.5200        22
    19.5400        30
    19.5600        36
    19.5800        32
    19.6000        24
    19.6200        24
    19.6400        22
    19.6600        26
    19.6800        26
    19.7000        28
    19.7200        32
    19.7400        24
    19.7600        30
    19.7800        24
    19.8000        18
    19.8200        24
    19.8400        20
    19.8600        24
    19.8800        24
    19.9000        30
    19.9200        26
    19.9400        28
    19.9600        22
    19.9800        12
    20.0000        22
    20.0200        20
    20.0400        26
    20.0600        26
    20.0800        20
    20.1000        24
    20.1200        24
    20.1400        24
    20.1600        26
    20.1800        22
    20.2000        30
    20.2200        28
    20.2400        28
    20.2600        24
    20.2800        22
    20.3000        28
    20.3200        20
    20.3400        22
    20.3600        18
    20.3800        26
    20.4000        14
    20.4200        16
    20.4400        20
    20.4600        20
    20.4800        34
    20.5000        30
    20.5200        22
    20.5400        18
    20.5600        16
    20.5800        22
    20.6000        26
    20.6200        20
    20.6400        28
    20.6600        30
    20.6800        24
    20.7000        24
    20.7200        16
    20.7400        12
    20.7600        32
    20.7800        24
    20.8000        30
    20.8200        24
    20.8400        30
    20.8600        34
    20.8800        52
    20.9000        38
    20.9200        36
    20.9400        30
    20.9600        24
    20.9800        38
    21.0000        46
    21.0200        40
    21.0400        54
    21.0600        56
    21.0800        62
    21.1000        48
    21.1200        68
    21.1400        76
    21.1600        70
    21.1800        64
    21.2000        90
    21.2200        80
    21.2400        78
    21.2600        80
    21.2800        70
    21.3000        58
    21.3200        56
    21.3400        62
    21.3600        70
    21.3800        64
    21.4000        68
    21.4200        60
    21.4400        52
    21.4600        52
    21.4800        54
    21.5000        60
    21.5200        46
    21.5400        54
    21.5600        58
    21.5800        52
    21.6000        40
    21.6200        36
    21.6400        36
    21.6600        36
    21.6800        44
    21.7000        36
    21.7200        34
    21.7400        30
    21.7600        32
    21.7800        28
    21.8000        30
    21.8200        34
    21.8400        30
    21.8600        26
    21.8800        32
    21.9000        24
    21.9200        24
    21.9400        20
    21.9600        38
    21.9800        22
    22.0000        24
    22.0200        24
    22.0400        30
    22.0600        30
    22.0800        26
    22.1000        28
    22.1200        26
    22.1400        32
    22.1600        30
    22.1800        32
    22.2000        24
    22.2200        32
    22.2400        32
    22.2600        26
    22.2800        30
    22.3000        38
    22.3200        30
    22.3400        40
    22.3600        18
    22.3800        36
    22.4000        24
    22.4200        52
    22.4400        24
    22.4600        28
    22.4800        32
    22.5000        24
    22.5200        18
    22.5400        40
    22.5600        30
    22.5800        30
    22.6000        34
    22.6200        30
    22.6400        28
    22.6600        28
    22.6800        16
    22.7000        18
    22.7200        22
    22.7400        22
    22.7600        32
    22.7800        22
    22.8000        28
    22.8200        26
    22.8400        34
    22.8600        30
    22.8800        24
    22.9000        20
    22.9200        26
    22.9400        20
    22.9600        28
    22.9800        22
    23.0000        18
    23.0200        32
    23.0400        18
    23.0600        20
    23.0800        18
    23.1000        22
    23.1200        30
    23.1400        22
    23.1600        32
    23.1800        26
    23.2000        22
    23.2200        32
    23.2400        28
    23.2600        22
    23.2800        26
    23.3000        22
    23.3200        20
    23.3400        26
    23.3600        26
    23.3800        28
    23.4000        30
    23.4200        22
    23.4400        40
    23.4600        36
    23.4800        38
    23.5000        24
    23.5200        26
    23.5400        30
    23.5600        34
    23.5800        40
    23.6000        36
    23.6200        36
    23.6400        30
    23.6600        40
    23.6800        26
    23.7000        38
    23.7200        22
    23.7400        30
    23.7600        32
    23.7800        26
    23.8000        32
    23.8200        24
    23.8400        40
    23.8600        44
    23.8800        40
    23.9000        28
    23.9200        30
    23.9400        34
    23.9600        38
    23.9800        28
    24.0000        26
    24.0200        30
    24.0400        38
    24.0600        36
    24.0800        28
    24.1000        40
    24.1200        26
    24.1400        32
    24.1600        26
    24.1800        32
    24.2000        26
    24.2200        22
    24.2400        42
    24.2600        22
    24.2800        24
    24.3000        26
    24.3200        22
    24.3400        36
    24.3600        24
    24.3800        20
    24.4000        24
    24.4200        34
    24.4400        26
    24.4600        26
    24.4800        20
    24.5000        34
    24.5200        40
    24.5400        26
    24.5600        30
    24.5800        34
    24.6000        38
    24.6200        30
    24.6400        42
    24.6600        30
    24.6800        44
    24.7000        30
    24.7200        28
    24.7400        46
    24.7600        32
    24.7800        26
    24.8000        36
    24.8200        40
    24.8400        36
    24.8600        42
    24.8800        30
    24.9000        30
    24.9200        36
    24.9400        26
    24.9600        26
    24.9800        26
    25.0000        24
    25.0200        30
    25.0400        28
    25.0600        28
    25.0800        40
    25.1000        30
    25.1200        28
    25.1400        24
    25.1600        34
    25.1800        24
    25.2000        24
    25.2200        30
    25.2400        34
    25.2600        42
    25.2800        38
    25.3000        32
    25.3200        36
    25.3400        46
    25.3600        28
    25.3800        30
    25.4000        34
    25.4200        52
    25.4400        38
    25.4600        42
    25.4800        26
    25.5000        24
    25.5200        44
    25.5400        38
    25.5600        44
    25.5800        48
    25.6000        42
    25.6200        34
    25.6400        38
    25.6600        40
    25.6800        34
    25.7000        46
    25.7200        36
    25.7400        48
    25.7600        38
    25.7800        28
    25.8000        34
    25.8200        24
    25.8400        28
    25.8600        48
    25.8800        34
    25.9000        30
    25.9200        28
    25.9400        26
    25.9600        26
    25.9800        26
    26.0000        34
    26.0200        28
    26.0400        36
    26.0600        40
    26.0800        36
    26.1000        32
    26.1200        40
    26.1400        30
    26.1600        36
    26.1800        38
    26.2000        42
    26.2200        46
    26.2400        38
    26.2600        40
    26.2800        56
    26.3000        46
    26.3200        60
    26.3400        46
    26.3600        40
    26.3800        76
    26.4000        54
    26.4200        64
    26.4400        58
    26.4600        52
    26.4800        76
    26.5000        84
    26.5200        74
    26.5400        74
    26.5600        72
    26.5800        60
    26.6000        60
    26.6200        56
    26.6400        64
    26.6600        62
    26.6800        44
    26.7000        62
    26.7200        60
    26.7400        50
    26.7600        52
    26.7800        50
    26.8000        54
    26.8200        62
    26.8400        48
    26.8600        52
    26.8800        52
    26.9000        54
    26.9200        52
    26.9400        46
    26.9600        46
    26.9800        48
    27.0000        50
    27.0200        54
    27.0400        58
    27.0600        44
    27.0800        44
    27.1000        42
    27.1200        48
    27.1400        60
    27.1600        40
    27.1800        46
    27.2000        48
    27.2200        40
    27.2400        36
    27.2600        34
    27.2800        32
    27.3000        36
    27.3200        28
    27.3400        38
    27.3600        40
    27.3800        28
    27.4000        32
    27.4200        28
    27.4400        34
    27.4600        28
    27.4800        28
    27.5000        32
    27.5200        26
    27.5400        34
    27.5600        40
    27.5800        50
    27.6000        34
    27.6200        40
    27.6400        38
    27.6600        40
    27.6800        34
    27.7000        50
    27.7200        42
    27.7400        54
    27.7600        52
    27.7800        36
    27.8000        46
    27.8200        60
    27.8400        60
    27.8600        58
    27.8800        54
    27.9000        68
    27.9200        60
    27.9400        64
    27.9600        62
    27.9800        60
    28.0000        64
    28.0200        88
    28.0400        92
    28.0600        74
    28.0800        72
    28.1000        80
    28.1200       110
    28.1400        98
    28.1600       112
    28.1800        92
    28.2000       112
    28.2200       124
    28.2400       130
    28.2600       110
    28.2800       130
    28.3000       116
    28.3200       136
    28.3400       102
    28.3600        92
    28.3800       106
    28.4000       102
    28.4200       106
    28.4400        92
    28.4600        64
    28.4800        82
    28.5000        90
    28.5200        72
    28.5400        54
    28.5600        66
    28.5800        62
    28.6000        42
    28.6200        56
    28.6400        62
    28.6600        44
    28.6800        46
    28.7000        66
    28.7200        54
    28.7400        42
    28.7600        52
    28.7800        64
    28.8000        62
    28.8200        48
    28.8400        60
    28.8600        66
    28.8800        54
    28.9000        60
    28.9200        54
    28.9400        86
    28.9600        66
    28.9800        84
    29.0000        76
    29.0200        56
    29.0400        80
    29.0600        64
    29.0800        64
    29.1000        64
    29.1200        74
    29.1400        88
    29.1600        92
    29.1800       110
    29.2000        90
    29.2200        94
    29.2400        82
    29.2600       118
    29.2800       108
    29.3000       102
    29.3200       122
    29.3400       142
    29.3600       128
    29.3800       124
    29.4000        96
    29.4200       116
    29.4400       114
    29.4600       126
    29.4800       108
    29.5000       138
    29.5200       110
    29.5400       114
    29.5600       140
    29.5800       134
    29.6000       132
    29.6200       120
    29.6400       122
    29.6600       128
    29.6800       142
    29.7000       126
    29.7200       154
    29.7400       132
    29.7600       140
    29.7800       130
    29.8000       148
    29.8200       120
    29.8400       112
    29.8600       112
    29.8800       100
    29.9000        94
    29.9200       134
    29.9400       116
    29.9600       130
    29.9800       134
    30.0000       130
    30.0200       118
    30.0400       120
    30.0600       140
    30.0800       120
    30.1000       138
    30.1200       128
    30.1400       130
    30.1600       132
    30.1800       126
    30.2000       140
    30.2200       138
    30.2400       152
    30.2600       118
    30.2800       104
    30.3000       114
    30.3200        84
    30.3400        78
    30.3600        78
    30.3800        60
    30.4000        74
    30.4200        78
    30.4400        56
    30.4600        60
    30.4800        62
    30.5000        60
    30.5200        58
    30.5400        62
    30.5600        80
    30.5800        82
    30.6000        78
    30.6200        74
    30.6400        68
    30.6600        82
    30.6800       104
    30.7000        96
    30.7200        94
    30.7400        96
    30.7600       108
    30.7800       108
    30.8000       106
    30.8200       112
    30.8400       106
    30.8600       116
    30.8800        90
    30.9000        92
    30.9200        78
    30.9400       106
    30.9600        98
    30.9800        92
    31.0000        98
    31.0200        90
    31.0400        88
    31.0600        82
    31.0800        84
    31.1000        86
    31.1200        90
    31.1400        78
    31.1600        80
    31.1800        68
    31.2000        76
    31.2200        78
    31.2400        60
    31.2600        62
    31.2800        58
    31.3000        42
    31.3200        50
    31.3400        56
    31.3600        38
    31.3800        54
    31.4000        54
    31.4200        42
    31.4400        62
    31.4600        48
    31.4800        44
    31.5000        62
    31.5200        64
    31.5400        76
    31.5600        84
    31.5800        92
    31.6000       102
    31.6200        96
    31.6400       100
    31.6600       106
    31.6800        96
    31.7000        92
    31.7200       122
    31.7400       112
    31.7600       128
    31.7800        96
    31.8000       102
    31.8200        90
    31.8400       100
    31.8600        96
    31.8800        82
    31.9000        74
    31.9200        82
    31.9400       106
    31.9600        64
    31.9800        86
    32.0000        64
    32.0200        74
    32.0400        64
    32.0600        64
    32.0800        76
    32.1000        68
    32.1200        50
    32.1400        60
    32.1600        60
    32.1800        52
    32.2000        56
    32.2200        50
    32.2400        56
    32.2600        58
    32.2800        62
    32.3000        54
    32.3200        50
    32.3400        48
    32.3600        62
    32.3800        64
    32.4000        52
    32.4200        60
    32.4400        52
    32.4600        80
    32.4800        72
    32.5000        80
    32.5200        52
    32.5400        70
    32.5600        64
    32.5800        74
    32.6000        66
    32.6200        76
    32.6400        78
    32.6600        56
    32.6800        72
    32.7000        60
    32.7200        74
    32.7400        64
    32.7600        60
    32.7800        68
    32.8000        66
    32.8200        72
    32.8400        66
    32.8600        56
    32.8800        70
    32.9000        68
    32.9200        70
    32.9400        70
    32.9600        48
    32.9800        60
    33.0000        50
    33.0200        72
    33.0400        52
    33.0600        54
    33.0800        66
    33.1000        68
    33.1200        60
    33.1400        64
    33.1600        62
    33.1800        58
    33.2000        62
    33.2200        68
    33.2400        60
    33.2600        64
    33.2800        58
    33.3000        58
    33.3200        62
    33.3400        50
    33.3600        46
    33.3800        38
    33.4000        50
    33.4200        42
    33.4400        40
    33.4600        50
    33.4800        52
    33.5000        46
    33.5200        50
    33.5400        46
    33.5600        38
    33.5800        40
    33.6000        40
    33.6200        42
    33.6400        40
    33.6600        48
    33.6800        48
    33.7000        46
    33.7200        58
    33.7400        40
    33.7600        60
    33.7800        50
    33.8000        46
    33.8200        48
    33.8400        56
    33.8600        60
    33.8800        70
    33.9000        62
    33.9200        50
    33.9400        38
    33.9600        64
    33.9800        60
    34.0000        52
    34.0200        62
    34.0400        48
    34.0600        50
    34.0800        44
    34.1000        58
    34.1200        50
    34.1400        48
    34.1600        36
    34.1800        26
    34.2000        48
    34.2200        50
    34.2400        58
    34.2600        36
    34.2800        60
    34.3000        60
    34.3200        50
    34.3400        34
    34.3600        50
    34.3800        42
    34.4000        44
    34.4200        48
    34.4400        52
    34.4600        42
    34.4800        40
    34.5000        38
    34.5200        46
    34.5400        46
    34.5600        38
    34.5800        32
    34.6000        44
    34.6200        36
    34.6400        36
    34.6600        46
    34.6800        38
    34.7000        30
    34.7200        44
    34.7400        46
    34.7600        48
    34.7800        38
    34.8000        34
    34.8200        40
    34.8400        44
    34.8600        46
    34.8800        48
    34.9000        42
    34.9200        44
    34.9400        38
    34.9600        42
    34.9800        48
    35.0000        40
    35.0200        54
    35.0400        36
    35.0600        38
    35.0800        46
    35.1000        28
    35.1200        22
    35.1400        48
    35.1600        36
    35.1800        28
    35.2000        42
    35.2200        32
    35.2400        34
    35.2600        36
    35.2800        30
    35.3000        40
    35.3200        42
    35.3400        42
    35.3600        38
    35.3800        46
    35.4000        50
    35.4200        68
    35.4400        68
    35.4600        60
    35.4800        78
    35.5000        90
    35.5200       100
    35.5400        94
    35.5600       128
    35.5800       112
    35.6000       118
    35.6200       138
    35.6400       148
    35.6600       136
    35.6800       104
    35.7000       124
    35.7200       126
    35.7400       120
    35.7600       118
    35.7800       110
    35.8000       104
    35.8200        92
    35.8400        80
    35.8600        86
    35.8800        68
    35.9000        64
    35.9200        46
    35.9400        56
    35.9600        58
    35.9800        44
    36.0000        34
    36.0200        42
    36.0400        56
    36.0600        44
    36.0800        64
    36.1000        40
    36.1200        48
    36.1400        52
    36.1600        42
    36.1800        40
    36.2000        44
    36.2200        46
    36.2400        44
    36.2600        38
    36.2800        52
    36.3000        58
    36.3200        52
    36.3400        46
    36.3600        48
    36.3800        52
    36.4000        52
    36.4200        40
    36.4400        66
    36.4600        40
    36.4800        50
    36.5000        52
    36.5200        50
    36.5400        48
    36.5600        40
    36.5800        38
    36.6000        54
    36.6200        42
    36.6400        42
    36.6600        48
    36.6800        44
    36.7000        40
    36.7200        42
    36.7400        38
    36.7600        58
    36.7800        42
    36.8000        60
    36.8200        60
    36.8400        56
    36.8600        62
    36.8800        54
    36.9000        62
    36.9200        56
    36.9400        68
    36.9600        46
    36.9800        54
    37.0000        42
    37.0200        62
    37.0400        36
    37.0600        44
    37.0800        42
    37.1000        36
    37.1200        46
    37.1400        42
    37.1600        32
    37.1800        38
    37.2000        32
    37.2200        36
    37.2400        30
    37.2600        32
    37.2800        26
    37.3000        32
    37.3200        16
    37.3400        26
    37.3600        28
    37.3800        34
    37.4000        26
    37.4200        28
    37.4400        24
    37.4600        32
    37.4800        24
    37.5000        34
    37.5200        26
    37.5400        24
    37.5600        36
    37.5800        34
    37.6000        22
    37.6200        24
    37.6400        26
    37.6600        40
    37.6800        44
    37.7000        36
    37.7200        40
    37.7400        30
    37.7600        40
    37.7800        36
    37.8000        26
    37.8200        30
    37.8400        32
    37.8600        22
    37.8800        34
    37.9000        38
    37.9200        32
    37.9400        28
    37.9600        24
    37.9800        36
    38.0000        28
    38.0200        32
    38.0400        30
    38.0600        26
    38.0800        22
    38.1000        28
    38.1200        32
    38.1400        22
    38.1600        42
    38.1800        26
    38.2000        32
    38.2200        24
    38.2400        30
    38.2600        36
    38.2800        30
    38.3000        30
    38.3200        40
    38.3400        36
    38.3600        32
    38.3800        26
    38.4000        44
    38.4200        30
    38.4400        32
    38.4600        34
    38.4800        38
    38.5000        30
    38.5200        44
    38.5400        58
    38.5600        46
    38.5800        48
    38.6000        48
    38.6200        58
    38.6400        42
    38.6600        32
    38.6800        58
    38.7000        52
    38.7200        46
    38.7400        44
    38.7600        36
    38.7800        38
    38.8000        48
    38.8200        48
    38.8400        48
    38.8600        50
    38.8800        40
    38.9000        42
    38.9200        42
    38.9400        46
    38.9600        52
    38.9800        44
    39.0000        44
    39.0200        34
    39.0400        32
    39.0600        40
    39.0800        48
    39.1000        40
    39.1200        38
    39.1400        36
    39.1600        28
    39.1800        34
    39.2000        38
    39.2200        42
    39.2400        38
    39.2600        34
    39.2800        28
    39.3000        28
    39.3200        34
    39.3400        30
    39.3600        34
    39.3800        30
    39.4000        28
    39.4200        26
    39.4400        32
    39.4600        32
    39.4800        32
    39.5000        22
    39.5200        32
    39.5400        36
    39.5600        30
    39.5800        22
    39.6000        44
    39.6200        40
    39.6400        36
    39.6600        30
    39.6800        42
    39.7000        40
    39.7200        48
    39.7400        38
    39.7600        46
    39.7800        50
    39.8000        36
    39.8200        46
    39.8400        38
    39.8600        56
    39.8800        34
    39.9000        52
    39.9200        48
    39.9400        44
    39.9600        44
    39.9800        46
    40.0000        36
    40.0200        40
    40.0400        48
    40.0600        42
    40.0800        34
    40.1000        36
    40.1200        40
    40.1400        44
    40.1600        40
    40.1800        46
    40.2000        42
    40.2200        42
    40.2400        44
    40.2600        52
    40.2800        46
    40.3000        44
    40.3200        44
    40.3400        50
    40.3600        46
    40.3800        60
    40.4000        56
    40.4200        50
    40.4400        42
    40.4600        58
    40.4800        60
    40.5000        44
    40.5200        54
    40.5400        60
    40.5600        62
    40.5800        48
    40.6000        54
    40.6200        38
    40.6400        52
    40.6600        48
    40.6800        58
    40.7000        56
    40.7200        42
    40.7400        54
    40.7600        44
    40.7800        52
    40.8000        62
    40.8200        42
    40.8400        58
    40.8600        42
    40.8800        42
    40.9000        58
    40.9200        48
    40.9400        36
    40.9600        50
    40.9800        50
    41.0000        54
    41.0200        50
    41.0400        40
    41.0600        76
    41.0800        60
    41.1000        50
    41.1200        40
    41.1400        52
    41.1600        78
    41.1800        60
    41.2000        70
    41.2200        54
    41.2400        66
    41.2600        60
    41.2800        50
    41.3000        56
    41.3200        50
    41.3400        58
    41.3600        44
    41.3800        46
    41.4000        46
    41.4200        40
    41.4400        44
    41.4600        36
    41.4800        32
    41.5000        36
    41.5200        28
    41.5400        30
    41.5600        30
    41.5800        42
    41.6000        30
    41.6200        36
    41.6400        26
    41.6600        36
    41.6800        28
    41.7000        22
    41.7200        22
    41.7400        30
    41.7600        26
    41.7800        18
    41.8000        26
    41.8200        34
    41.8400        32
    41.8600        28
    41.8800        34
    41.9000        44
    41.9200        38
    41.9400        30
    41.9600        34
    41.9800        40
    42.0000        32
    42.0200        36
    42.0400        38
    42.0600        38
    42.0800        38
    42.1000        48
    42.1200        48
    42.1400        38
    42.1600        38
    42.1800        46
    42.2000        42
    42.2200        34
    42.2400        38
    42.2600        52
    42.2800        26
    42.3000        46
    42.3200        44
    42.3400        34
    42.3600        46
    42.3800        36
    42.4000        22
    42.4200        26
    42.4400        28
    42.4600        34
    42.4800        42
    42.5000        24
    42.5200        34
    42.5400        34
    42.5600        40
    42.5800        38
    42.6000        28
    42.6200        32
    42.6400        44
    42.6600        38
    42.6800        38
    42.7000        32
    42.7200        34
    42.7400        44
    42.7600        32
    42.7800        32
    42.8000        38
    42.8200        46
    42.8400        48
    42.8600        56
    42.8800        50
    42.9000        46
    42.9200        50
    42.9400        54
    42.9600        60
    42.9800        54
    43.0000        38
    43.0200        50
    43.0400        48
    43.0600        52
    43.0800        62
    43.1000        52
    43.1200        72
    43.1400        62
    43.1600        58
    43.1800        42
    43.2000        72
    43.2200        60
    43.2400        68
    43.2600        62
    43.2800        50
    43.3000        62
    43.3200        80
    43.3400        66
    43.3600        54
    43.3800        72
    43.4000        60
    43.4200        66
    43.4400        70
    43.4600        70
    43.4800        66
    43.5000        76
    43.5200        60
    43.5400        60
    43.5600        64
    43.5800        68
    43.6000        60
    43.6200        62
    43.6400        66
    43.6600        64
    43.6800        56
    43.7000        60
    43.7200        66
    43.7400        64
    43.7600        68
    43.7800        64
    43.8000        70
    43.8200        74
    43.8400        54
    43.8600        70
    43.8800        70
    43.9000        54
    43.9200        64
    43.9400        32
    43.9600        66
    43.9800        44
    44.0000        32
    44.0200        38
    44.0400        38
    44.0600        36
    44.0800        38
    44.1000        32
    44.1200        42
    44.1400        28
    44.1600        24
    44.1800        30
    44.2000        44
    44.2200        34
    44.2400        34
    44.2600        36
    44.2800        36
    44.3000        36
    44.3200        32
    44.3400        30
    44.3600        32
    44.3800        34
    44.4000        36
    44.4200        36
    44.4400        44
    44.4600        30
    44.4800        38
    44.5000        34
    44.5200        50
    44.5400        32
    44.5600        34
    44.5800        32
    44.6000        30
    44.6200        24
    44.6400        28
    44.6600        34
    44.6800        28
    44.7000        34
    44.7200        24
    44.7400        38
    44.7600        38
    44.7800        36
    44.8000        28
    44.8200        26
    44.8400        42
    44.8600        24
    44.8800        32
    44.9000        40
    44.9200        26
    44.9400        38
    44.9600        22
    44.9800        32
    45.0000        42
    45.0200        34
    45.0400        30
    45.0600        28
    45.0800        34
    45.1000        38
    45.1200        40
    45.1400        32
    45.1600        32
    45.1800        36
    45.2000        30
    45.2200        32
    45.2400        46
    45.2600        32
    45.2800        56
    45.3000        48
    45.3200        54
    45.3400        56
    45.3600        54
    45.3800        44
    45.4000        66
    45.4200        52
    45.4400        56
    45.4600        48
    45.4800        60
    45.5000        42
    45.5200        54
    45.5400        48
    45.5600        44
    45.5800        42
    45.6000        50
    45.6200        42
    45.6400        46
    45.6600        32
    45.6800        36
    45.7000        34
    45.7200        36
    45.7400        32
    45.7600        22
    45.7800        36
    45.8000        40
    45.8200        32
    45.8400        24
    45.8600        18
    45.8800        32
    45.9000        28
    45.9200        22
    45.9400        18
    45.9600        42
    45.9800        24
    46.0000        28
    46.0200        22
    46.0400        28
    46.0600        34
    46.0800        24
    46.1000        30
    46.1200        30
    46.1400        38
    46.1600        40
    46.1800        34
    46.2000        38
    46.2200        30
    46.2400        34
    46.2600        38
    46.2800        26
    46.3000        32
    46.3200        26
    46.3400        42
    46.3600        44
    46.3800        30
    46.4000        40
    46.4200        40
    46.4400        54
    46.4600        42
    46.4800        56
    46.5000        36
    46.5200        44
    46.5400        46
    46.5600        60
    46.5800        56
    46.6000        64
    46.6200        72
    46.6400        88
    46.6600        58
    46.6800        66
    46.7000        68
    46.7200        84
    46.7400        68
    46.7600        58
    46.7800        62
    46.8000        52
    46.8200        62
    46.8400        64
    46.8600        52
    46.8800        48
    46.9000        36
    46.9200        48
    46.9400        38
    46.9600        46
    46.9800        32
    47.0000        32
    47.0200        34
    47.0400        24
    47.0600        38
    47.0800        26
    47.1000        24
    47.1200        28
    47.1400        28
    47.1600        28
    47.1800        26
    47.2000        24
    47.2200        24
    47.2400        28
    47.2600        22
    47.2800        34
    47.3000        26
    47.3200        26
    47.3400        16
    47.3600        22
    47.3800        18
    47.4000        26
    47.4200        20
    47.4400        26
    47.4600        20
    47.4800        32
    47.5000        26
    47.5200        28
    47.5400        30
    47.5600        30
    47.5800        32
    47.6000        26
    47.6200        36
    47.6400        30
    47.6600        38
    47.6800        42
    47.7000        24
    47.7200        36
    47.7400        32
    47.7600        34
    47.7800        44
    47.8000        40
    47.8200        26
    47.8400        40
    47.8600        42
    47.8800        50
    47.9000        44
    47.9200        54
    47.9400        36
    47.9600        44
    47.9800        54
    48.0000        42
    48.0200        38
    48.0400        46
    48.0600        36
    48.0800        52
    48.1000        42
    48.1200        40
    48.1400        36
    48.1600        40
    48.1800        42
    48.2000        40
    48.2200        38
    48.2400        24
    48.2600        36
    48.2800        36
    48.3000        30
    48.3200        40
    48.3400        40
    48.3600        40
    48.3800        28
    48.4000        32
    48.4200        32
    48.4400        48
    48.4600        42
    48.4800        34
    48.5000        36
    48.5200        44
    48.5400        28
    48.5600        46
    48.5800        26
    48.6000        42
    48.6200        34
    48.6400        38
    48.6600        28
    48.6800        38
    48.7000        30
    48.7200        42
    48.7400        36
    48.7600        30
    48.7800        40
    48.8000        30
    48.8200        36
    48.8400        40
    48.8600        40
    48.8800        38
    48.9000        46
    48.9200        38
    48.9400        38
    48.9600        52
    48.9800        56
    49.0000        58
    49.0200        56
    49.0400        50
    49.0600        64
    49.0800        60
    49.1000        50
    49.1200        58
    49.1400        64
    49.1600        58
    49.1800        58
    49.2000        58
    49.2200        60
    49.2400        60
    49.2600        50
    49.2800        56
    49.3000        54
    49.3200        62
    49.3400        56
    49.3600        48
    49.3800        42
    49.4000        54
    49.4200        46
    49.4400        32
    49.4600        36
    49.4800        46
    49.5000        42
    49.5200        40
    49.5400        50
    49.5600        30
    49.5800        40
    49.6000        36
    49.6200        44
    49.6400        30
    49.6600        34
    49.6800        30
    49.7000        42
    49.7200        36
    49.7400        38
    49.7600        40
    49.7800        32
    49.8000        28
    49.8200        32
    49.8400        26
    49.8600        34
    49.8800        36
    49.9000        38
    49.9200        18
    49.9400        28
    49.9600        28
    49.9800        24
    50.0000        32
    50.0200        34
    50.0400        26
    50.0600        42
    50.0800        20
    50.1000        34
    50.1200        26
    50.1400        24
    50.1600        20
    50.1800        24
    50.2000        36
    50.2200        22
    50.2400        24
    50.2600        16
    50.2800        22
    50.3000        34
    50.3200        26
    50.3400        26
    50.3600        28
    50.3800        30
    50.4000        20
    50.4200        32
    50.4400        26
    50.4600        30
    50.4800        36
    50.5000        34
    50.5200        32
    50.5400        40
    50.5600        34
    50.5800        40
    50.6000        32
    50.6200        32
    50.6400        28
    50.6600        16
    50.6800        26
    50.7000        24
    50.7200        30
    50.7400        42
    50.7600        26
    50.7800        38
    50.8000        34
    50.8200        30
    50.8400        30
    50.8600        32
    50.8800        28
    50.9000        24
    50.9200        42
    50.9400        24
    50.9600        26
    50.9800        26
    51.0000        30
    51.0200        16
    51.0400        28
    51.0600        32
    51.0800        26
    51.1000        28
    51.1200        30
    51.1400        18
    51.1600        20
    51.1800        30
    51.2000        28
    51.2200        28
    51.2400        28
    51.2600        28
    51.2800        30
    51.3000        28
    51.3200        24
    51.3400        34
    51.3600        34
    51.3800        30
    51.4000        26
    51.4200        24
    51.4400        36
    51.4600        20
    51.4800        30
    51.5000        32
    51.5200        20
    51.5400        22
    51.5600        24
    51.5800        24
    51.6000        36
    51.6200        30
    51.6400        32
    51.6600        30
    51.6800        30
    51.7000        24
    51.7200        22
    51.7400        28
    51.7600        34
    51.7800        28
    51.8000        20
    51.8200        22
    51.8400        34
    51.8600        26
    51.8800        28
    51.9000        42
    51.9200        36
    51.9400        34
    51.9600        36
    51.9800        26
    52.0000        40
    52.0200        36
    52.0400        36
    52.0600        36
    52.0800        34
    52.1000        42
    52.1200        32
    52.1400        40
    52.1600        38
    52.1800        28
    52.2000        42
    52.2200        42
    52.2400        38
    52.2600        46
    52.2800        42
    52.3000        32
    52.3200        36
    52.3400        48
    52.3600        28
    52.3800        36
    52.4000        40
    52.4200        36
    52.4400        36
    52.4600        24
    52.4800        38
    52.5000        40
    52.5200        30
    52.5400        42
    52.5600        30
    52.5800        26
    52.6000        36
    52.6200        30
    52.6400        32
    52.6600        36
    52.6800        26
    52.7000        36
    52.7200        26
    52.7400        38
    52.7600        30
    52.7800        34
    52.8000        40
    52.8200        44
    52.8400        44
    52.8600        38
    52.8800        32
    52.9000        36
    52.9200        36
    52.9400        30
    52.9600        34
    52.9800        38
    53.0000        36
    53.0200        36
    53.0400        30
    53.0600        32
    53.0800        28
    53.1000        34
    53.1200        28
    53.1400        34
    53.1600        24
    53.1800        26
    53.2000        30
    53.2200        26
    53.2400        24
    53.2600        24
    53.2800        18
    53.3000        34
    53.3200        26
    53.3400        22
    53.3600        22
    53.3800        14
    53.4000        16
    53.4200        14
    53.4400        22
    53.4600        24
    53.4800        24
    53.5000        16
    53.5200        26
    53.5400        28
    53.5600        26
    53.5800        24
    53.6000        24
    53.6200        32
    53.6400        22
    53.6600        26
    53.6800        22
    53.7000        32
    53.7200        34
    53.7400        28
    53.7600        42
    53.7800        22
    53.8000        36
    53.8200        48
    53.8400        54
    53.8600        42
    53.8800        56
    53.9000        36
    53.9200        52
    53.9400        44
    53.9600        36
    53.9800        56
    54.0000        48
    54.0200        36
    54.0400        40
    54.0600        34
    54.0800        30
    54.1000        50
    54.1200        48
    54.1400        40
    54.1600        38
    54.1800        44
    54.2000        36
    54.2200        30
    54.2400        34
    54.2600        34
    54.2800        38
    54.3000        44
    54.3200        42
    54.3400        24
    54.3600        30
    54.3800        32
    54.4000        30
    54.4200        28
    54.4400        34
    54.4600        32
    54.4800        28
    54.5000        40
    54.5200        28
    54.5400        30
    54.5600        40
    54.5800        32
    54.6000        24
    54.6200        40
    54.6400        28
    54.6600        30
    54.6800        28
    54.7000        30
    54.7200        18
    54.7400        26
    54.7600        36
    54.7800        28
    54.8000        32
    54.8200        32
    54.8400        32
    54.8600        40
    54.8800        30
    54.9000        52
    54.9200        32
    54.9400        44
    54.9600        34
    54.9800        32
    55.0000        42
    55.0200        24
    55.0400        32
    55.0600        36
    55.0800        38
    55.1000        38
    55.1200        34
    55.1400        36
    55.1600        36
    55.1800        50
    55.2000        38
    55.2200        28
    55.2400        40
    55.2600        32
    55.2800        26
    55.3000        38
    55.3200        34
    55.3400        28
    55.3600        32
    55.3800        28
    55.4000        22
    55.4200        26
    55.4400        20
    55.4600        30
    55.4800        12
    55.5000        30
    55.5200        16
    55.5400        22
    55.5600        26
    55.5800        26
    55.6000        16
    55.6200        26
    55.6400        16
    55.6600        28
    55.6800        26
    55.7000        24
    55.7200        20
    55.7400        22
    55.7600        34
    55.7800        22
    55.8000        30
    55.8200        32
    55.8400        20
    55.8600        22
    55.8800        32
    55.9000        24
    55.9200        28
    55.9400        24
    55.9600        24
    55.9800        18
    56.0000        16
    56.0200        30
    56.0400        28
    56.0600        22
    56.0800        24
    56.1000        28
    56.1200        28
    56.1400        18
    56.1600        30
    56.1800        26
    56.2000        26
    56.2200        20
    56.2400        20
    56.2600        24
    56.2800        32
    56.3000        24
    56.3200        30
    56.3400        20
    56.3600        24
    56.3800        22
    56.4000        18
    56.4200        22
    56.4400        16
    56.4600        32
    56.4800        28
    56.5000        22
    56.5200        18
    56.5400        22
    56.5600        24
    56.5800        28
    56.6000        26
    56.6200        24
    56.6400        20
    56.6600        30
    56.6800        14
    56.7000        42
    56.7200        26
    56.7400        18
    56.7600        30
    56.7800        20
    56.8000        28
    56.8200        22
    56.8400        22
    56.8600        30
    56.8800        24
    56.9000        18
    56.9200        22
    56.9400        22
    56.9600        18
    56.9800        32
    57.0000        22
    57.0200        20
    57.0400        18
    57.0600        20
    57.0800        24
    57.1000        24
    57.1200        28
    57.1400        28
    57.1600        32
    57.1800        24
    57.2000        22
    57.2200        30
    57.2400        22
    57.2600        30
    57.2800        16
    57.3000        26
    57.3200        26
    57.3400        24
    57.3600        26
    57.3800        28
    57.4000        20
    57.4200        26
    57.4400        36
    57.4600        32
    57.4800        16
    57.5000        26
    57.5200        32
    57.5400        34
    57.5600        28
    57.5800        26
    57.6000        26
    57.6200        46
    57.6400        34
    57.6600        24
    57.6800        30
    57.7000        40
    57.7200        22
    57.7400        26
    57.7600        28
    57.7800        34
    57.8000        42
    57.8200        36
    57.8400        32
    57.8600        30
    57.8800        38
    57.9000        28
    57.9200        22
    57.9400        24
    57.9600        26
    57.9800        26
    58.0000        42
    58.0200        28
    58.0400        30
    58.0600        26
    58.0800        26
    58.1000        36
    58.1200        26
    58.1400        26
    58.1600        24
    58.1800        34
    58.2000        26
    58.2200        30
    58.2400        30
    58.2600        24
    58.2800        28
    58.3000        22
    58.3200        22
    58.3400        34
    58.3600        26
    58.3800        18
    58.4000        26
    58.4200        32
    58.4400        22
    58.4600        30
    58.4800        28
    58.5000        26
    58.5200        28
    58.5400        26
    58.5600        22
    58.5800        22
    58.6000        34
    58.6200        22
    58.6400        30
    58.6600        30
    58.6800        28
    58.7000        32
    58.7200        18
    58.7400        26
    58.7600        34
    58.7800        24
    58.8000        30
    58.8200        18
    58.8400        30
    58.8600        24
    58.8800        30
    58.9000        24
    58.9200        16
    58.9400        26
    58.9600        28
    58.9800        18
    59.0000        12
    59.0200        24
    59.0400        22
    59.0600        20
    59.0800        34
    59.1000        26
    59.1200        18
    59.1400        24
    59.1600        22
    59.1800        20
    59.2000        22
    59.2200        24
    59.2400        24
    59.2600        26
    59.2800        28
    59.3000        20
    59.3200        26
    59.3400        28
    59.3600        22
    59.3800        28
    59.4000        18
    59.4200        26
    59.4400        36
    59.4600        26
    59.4800        24
    59.5000        24
    59.5200        22
    59.5400        16
    59.5600        20
    59.5800        18
    59.6000        28
    59.6200        22
    59.6400        26
    59.6600        20
    59.6800        14
    59.7000        14
    59.7200        24
    59.7400        18
    59.7600        20
    59.7800        22
    59.8000        24
    59.8200        10
    59.8400        24
    59.8600        18
    59.8800        14
    59.9000        18
    59.9200        16
    59.9400        20
    59.9600        26
    59.9800        16
    60.0000        24
    60.0200        22
    60.0400        18
    60.0600        16
    60.0800        28
    60.1000        20
    60.1200        20
    60.1400        22
    60.1600        18
    60.1800        34
    60.2000        14
    60.2200        22
    60.2400        22
    60.2600        26
    60.2800        18
    60.3000        30
    60.3200        40
    60.3400        22
    60.3600        26
    60.3800        24
    60.4000        22
    60.4200        24
    60.4400        26
    60.4600        20
    60.4800        32
    60.5000        32
    60.5200        26
    60.5400        36
    60.5600        22
    60.5800        34
    60.6000        36
    60.6200        18
    60.6400        34
    60.6600        24
    60.6800        26
    60.7000        42
    60.7200        28
    60.7400        24
    60.7600        30
    60.7800        32
    60.8000        40
    60.8200        30
    60.8400        28
    60.8600        40
    60.8800        22
    60.9000        28
    60.9200        38
    60.9400        26
    60.9600        26
    60.9800        24
    61.0000        26
    61.0200        28
    61.0400        18
    61.0600        30
    61.0800        32
    61.1000        30
    61.1200        30
    61.1400        26
    61.1600        38
    61.1800        24
    61.2000        26
    61.2200        20
    61.2400        30
    61.2600        34
    61.2800        24
    61.3000        30
    61.3200        26
    61.3400        26
    61.3600        34
    61.3800        30
    61.4000        44
    61.4200        38
    61.4400        32
    61.4600        26
    61.4800        28
    61.5000        28
    61.5200        20
    61.5400        26
    61.5600        24
    61.5800        24
    61.6000        26
    61.6200        14
    61.6400        26
    61.6600        20
    61.6800        12
    61.7000        30
    61.7200        30
    61.7400        20
    61.7600        18
    61.7800        26
    61.8000        18
    61.8200        22
    61.8400        34
    61.8600        26
    61.8800        18
    61.9000        18
    61.9200        20
    61.9400        22
    61.9600        26
    61.9800        30
    62.0000        20
    62.0200        24
    62.0400        20
    62.0600        18
    62.0800        16
    62.1000        20
    62.1200        16
    62.1400        22
    62.1600        20
    62.1800        20
    62.2000        22
    62.2200        18
    62.2400        24
    62.2600        18
    62.2800        20
    62.3000        14
    62.3200        20
    62.3400        14
    62.3600        36
    62.3800        24
    62.4000        20
    62.4200        24
    62.4400        16
    62.4600        30
    62.4800        22
    62.5000        22
    62.5200        26
    62.5400        28
    62.5600        18
    62.5800        26
    62.6000        18
    62.6200        22
    62.6400        32
    62.6600        22
    62.6800        30
    62.7000        30
    62.7200        28
    62.7400        26
    62.7600        24
    62.7800        22
    62.8000        28
    62.8200        28
    62.8400        20
    62.8600        24
    62.8800        20
    62.9000        26
    62.9200        12
    62.9400        26
    62.9600        20
    62.9800        22
    63.0000        16
    63.0200        24
    63.0400        38
    63.0600        20
    63.0800        16
    63.1000        10
    63.1200        18
    63.1400        14
    63.1600        18
    63.1800        16
    63.2000        18
    63.2200        20
    63.2400        20
    63.2600        16
    63.2800        14
    63.3000        18
    63.3200        16
    63.3400        14
    63.3600        14
    63.3800        22
    63.4000        18
    63.4200        12
    63.4400        28
    63.4600        16
    63.4800        16
    63.5000        20
    63.5200        20
    63.5400        10
    63.5600        14
    63.5800        14
    63.6000        26
    63.6200        22
    63.6400        16
    63.6600        16
    63.6800        16
    63.7000        22
    63.7200        18
    63.7400        18
    63.7600        20
    63.7800        20
    63.8000        20
    63.8200        20
    63.8400        18
    63.8600        20
    63.8800        18
    63.9000        24
    63.9200        24
    63.9400        18
    63.9600        28
    63.9800        26
    64.0000        22
    64.0200        32
    64.0400        24
    64.0600        24
    64.0800        30
    64.1000        30
    64.1200        22
    64.1400        28
    64.1600        18
    64.1800        22
    64.2000        18
    64.2200        16
    64.2400        18
    64.2600        18
    64.2800        18
    64.3000        20
    64.3200        16
    64.3400        28
    64.3600        16
    64.3800        16
    64.4000        22
    64.4200        18
    64.4400        18
    64.4600        28
    64.4800        28
    64.5000        26
    64.5200        28
    64.5400        28
    64.5600        18
    64.5800        22
    64.6000        28
    64.6200        22
    64.6400        22
    64.6600        30
    64.6800        14
    64.7000        28
    64.7200        12
    64.7400        18
    64.7600        22
    64.7800        26
    64.8000        24
    64.8200        22
    64.8400        20
    64.8600        26
    64.8800        24
    64.9000        28
    64.9200        28
    64.9400        14
    64.9600        22
    64.9800        22
    65.0000        18
    65.0200        26
    65.0400        26
    65.0600        26
    65.0800        22
    65.1000        18
    65.1200        22
    65.1400        24
    65.1600        10
    65.1800        24
    65.2000        24
    65.2200        16
    65.2400        26
    65.2600        24
    65.2800        28
    65.3000        26
    65.3200        18
    65.3400        28
    65.3600        20
    65.3800        26
    65.4000        18
    65.4200        14
    65.4400        22
    65.4600        20
    65.4800        20
    65.5000        22
    65.5200        24
    65.5400        28
    65.5600        18
    65.5800        32
    65.6000        18
    65.6200        30
    65.6400        20
    65.6600        18
    65.6800        16
    65.7000        20
    65.7200        32
    65.7400        24
    65.7600        20
    65.7800        22
    65.8000        22
    65.8200        24
    65.8400        20
    65.8600        12
    65.8800        22
    65.9000        20
    65.9200        16
    65.9400        32
    65.9600        20
    65.9800        18
    66.0000        10
    66.0200        18
    66.0400        24
    66.0600        18
    66.0800        20
    66.1000        18
    66.1200        26
    66.1400        22
    66.1600        20
    66.1800        14
    66.2000        20
    66.2200        24
    66.2400        20
    66.2600        24
    66.2800        16
    66.3000        34
    66.3200        26
    66.3400        18
    66.3600        28
    66.3800        18
    66.4000        34
    66.4200        36
    66.4400        36
    66.4600        28
    66.4800        18
    66.5000        28
    66.5200        32
    66.5400        22
    66.5600        24
    66.5800        26
    66.6000        36
    66.6200        28
    66.6400        26
    66.6600        24
    66.6800        30
    66.7000        20
    66.7200        16
    66.7400        20
    66.7600        28
    66.7800        32
    66.8000        24
    66.8200        24
    66.8400        30
    66.8600        22
    66.8800        36
    66.9000        20
    66.9200        26
    66.9400        18
    66.9600        24
    66.9800        22
    67.0000        22
    67.0200        22
    67.0400        28
    67.0600        20
    67.0800        20
    67.1000        26
    67.1200        24
    67.1400        24
    67.1600        28
    67.1800        20
    67.2000        26
    67.2200        34
    67.2400        20
    67.2600        24
    67.2800        20
    67.3000        22
    67.3200        16
    67.3400        28
    67.3600        14
    67.3800        16
    67.4000        12
    67.4200        20
    67.4400        20
    67.4600        18
    67.4800        24
    67.5000        18
    67.5200        14
    67.5400         8
    67.5600        16
    67.5800        14
    67.6000        26
    67.6200        10
    67.6400        18
    67.6600        14
    67.6800        28
    67.7000        16
    67.7200        22
    67.7400        20
    67.7600        18
    67.7800        18
    67.8000        12
    67.8200        14
    67.8400        20
    67.8600        14
    67.8800        16
    67.9000        22
    67.9200         8
    67.9400        26
    67.9600        26
    67.9800        20
    68.0000        22
    68.0200        12
    68.0400        18
    68.0600        16
    68.0800        24
    68.1000        16
    68.1200        16
    68.1400        20
    68.1600        16
    68.1800        12
    68.2000        22
    68.2200        26
    68.2400        26
    68.2600        18
    68.2800        14
    68.3000        18
    68.3200        20
    68.3400        12
    68.3600         8
    68.3800        22
    68.4000        16
    68.4200        20
    68.4400        14
    68.4600        14
    68.4800        18
    68.5000        12
    68.5200        10
    68.5400        24
    68.5600        16
    68.5800        20
    68.6000        20
    68.6200        20
    68.6400        22
    68.6600        16
    68.6800        22
    68.7000        16
    68.7200        14
    68.7400        12
    68.7600        14
    68.7800        20
    68.8000        14
    68.8200        22
    68.8400        24
    68.8600        16
    68.8800        24
    68.9000        18
    68.9200        14
    68.9400        14
    68.9600        20
    68.9800        16
    69.0000        22
    69.0200        12
    69.0400        20
    69.0600        18
    69.0800        16
    69.1000        20
    69.1200        20
    69.1400        26
    69.1600        28
    69.1800        18
    69.2000        20
    69.2200        18
    69.2400        28
    69.2600        20
    69.2800        20
    69.3000        26
    69.3200        30
    69.3400        18
    69.3600        16
    69.3800        18
    69.4000        20
    69.4200        22
    69.4400        18
    69.4600        24
    69.4800        22
    69.5000        26
    69.5200        16
    69.5400        24
    69.5600        20
    69.5800        18
    69.6000        22
    69.6200        16
    69.6400        14
    69.6600        22
    69.6800        14
    69.7000        22
    69.7200        14
    69.7400        28
    69.7600        20
    69.7800        20
    69.8000        16
    69.8200        26
    69.8400        20
    69.8600        14
    69.8800        28
    69.9000        24
    69.9200        26
    69.9400        22
    69.9600        20
    69.9800        16
    70.0000        24
    70.0200        18
    70.0400        20
    70.0600        22
    70.0800        22
    70.1000        22
    70.1200        16
    70.1400        10
    70.1600        20
    70.1800        18
    70.2000        18
    70.2200        18
    70.2400        20
    70.2600        14
    70.2800        10
    70.3000        22
    70.3200        18
    70.3400        22
    70.3600        22
    70.3800        18
    70.4000        10
    70.4200        20
    70.4400        10
    70.4600        12
    70.4800        18
    70.5000        20
    70.5200        10
    70.5400        22
    70.5600        18
    70.5800         6
    70.6000        20
    70.6200        16
    70.6400        22
    70.6600        20
    70.6800        14
    70.7000        20
    70.7200        18
    70.7400        20
    70.7600        20
    70.7800        18
    70.8000        10
    70.8200        16
    70.8400        16
    70.8600        18
    70.8800        20
    70.9000        12
    70.9200        16
    70.9400        14
    70.9600        18
    70.9800        22
    71.0000        22
    71.0200        24
    71.0400        22
    71.0600        14
    71.0800        14
    71.1000        22
    71.1200        14
    71.1400        16
    71.1600        16
    71.1800        16
    71.2000        20
    71.2200        22
    71.2400        16
    71.2600        18
    71.2800        14
    71.3000        16
    71.3200        22
    71.3400        10
    71.3600        20
    71.3800        22
    71.4000        14
    71.4200        14
    71.4400        20
    71.4600        10
    71.4800        12
    71.5000        18
    71.5200        22
    71.5400        26
    71.5600        18
    71.5800        18
    71.6000        22
    71.6200        12
    71.6400        14
    71.6600        28
    71.6800        30
    71.7000        14
    71.7200        22
    71.7400        22
    71.7600        16
    71.7800        18
    71.8000        12
    71.8200        26
    71.8400        18
    71.8600        32
    71.8800        12
    71.9000        16
    71.9200        20
    71.9400        14
    71.9600        16
    71.9800        22
    72.0000        18
    72.0200        18
    72.0400        18
    72.0600        18
    72.0800        20
    72.1000        16
    72.1200        18
    72.1400        16
    72.1600        12
    72.1800        18
    72.2000        16
    72.2200        18
    72.2400        20
    72.2600        20
    72.2800        20
    72.3000        24
    72.3200        24
    72.3400        24
    72.3600        24
    72.3800        20
    72.4000        24
    72.4200        24
    72.4400        32
    72.4600        24
    72.4800        26
    72.5000        22
    72.5200        30
    72.5400        30
    72.5600        10
    72.5800        30
    72.6000        28
    72.6200        22
    72.6400        12
    72.6600        22
    72.6800        28
    72.7000        20
    72.7200        22
    72.7400        18
    72.7600        18
    72.7800        18
    72.8000        24
    72.8200        20
    72.8400        24
    72.8600        20
    72.8800        24
    72.9000        18
    72.9200        20
    72.9400        20
    72.9600        20
    72.9800        28
    73.0000        16
    73.0200        18
    73.0400        26
    73.0600        18
    73.0800        24
    73.1000        24
    73.1200        16
    73.1400        18
    73.1600        22
    73.1800        14
    73.2000        18
    73.2200        24
    73.2400        16
    73.2600        26
    73.2800        14
    73.3000        16
    73.3200        20
    73.3400        16
    73.3600        22
    73.3800        14
    73.4000        18
    73.4200        22
    73.4400        26
    73.4600        22
    73.4800        14
    73.5000        22
    73.5200        20
    73.5400        18
    73.5600        22
    73.5800        20
    73.6000         8
    73.6200        14
    73.6400        18
    73.6600        22
    73.6800        24
    73.7000        18
    73.7200        20
    73.7400        20
    73.7600        16
    73.7800        16
    73.8000        22
    73.8200        26
    73.8400        22
    73.8600        16
    73.8800        16
    73.9000        22
    73.9200        10
    73.9400        22
    73.9600        16
    73.9800        18
    74.0000         6
    74.0200        20
    74.0400        18
    74.0600        22
    74.0800        20
    74.1000        14
    74.1200        18
    74.1400        20
    74.1600        24
    74.1800        18
    74.2000        14
    74.2200        16
    74.2400        30
    74.2600        14
    74.2800        18
    74.3000        22
    74.3200        22
    74.3400        30
    74.3600        20
    74.3800        18
    74.4000        18
    74.4200        18
    74.4400        24
    74.4600        14
    74.4800        22
    74.5000        24
    74.5200        22
    74.5400        34
    74.5600        14
    74.5800        30
    74.6000        24
    74.6200        16
    74.6400        16
    74.6600        20
    74.6800        16
    74.7000        36
    74.7200        24
    74.7400        26
    74.7600        16
    74.7800        34
    74.8000        28
    74.8200        20
    74.8400        18
    74.8600        22
    74.8800        30
    74.9000        22
    74.9200        26
    74.9400        26
    74.9600        10
    74.9800        18
    75.0000        20
    75.0200        28
    75.0400        14
    75.0600        18
    75.0800        20
    75.1000        20
    75.1200        20
    75.1400        22
    75.1600        16
    75.1800        16
    75.2000        16
    75.2200        12
    75.2400        16
    75.2600        14
    75.2800        16
    75.3000        20
    75.3200        24
    75.3400        18
    75.3600        14
    75.3800        18
    75.4000        20
    75.4200        16
    75.4400        14
    75.4600        20
    75.4800        22
    75.5000        16
    75.5200        20
    75.5400        14
    75.5600        18
    75.5800        26
    75.6000        20
    75.6200        16
    75.6400        12
    75.6600        22
    75.6800        20
    75.7000        20
    75.7200        28
    75.7400        22
    75.7600        24
    75.7800        32
    75.8000        22
    75.8200        22
    75.8400        16
    75.8600        18
    75.8800        18
    75.9000        26
    75.9200        30
    75.9400        18
    75.9600        18
    75.9800        18
    76.0000        28
    76.0200        20
    76.0400        16
    76.0600        16
    76.0800        22
    76.1000        14
    76.1200        30
    76.1400        20
    76.1600        16
    76.1800        20
    76.2000        28
    76.2200        24
    76.2400        26
    76.2600        20
    76.2800        24
    76.3000        24
    76.3200        24
    76.3400        20
    76.3600        16
    76.3800        20
    76.4000        20
    76.4200        20
    76.4400        20
    76.4600        28
    76.4800        22
    76.5000        14
    76.5200        14
    76.5400        24
    76.5600        22
    76.5800        22
    76.6000        22
    76.6200        30
    76.6400        28
    76.6600        18
    76.6800        28
    76.7000        24
    76.7200        22
    76.7400        22
    76.7600        30
    76.7800        20
    76.8000        24
    76.8200        20
    76.8400        20
    76.8600        26
    76.8800        22
    76.9000        26
    76.9200        18
    76.9400        18
    76.9600        18
    76.9800        20
    77.0000        22
    77.0200        22
    77.0400        26
    77.0600        22
    77.0800        30
    77.1000        28
    77.1200        18
    77.1400        20
    77.1600        24
    77.1800        22
    77.2000        32
    77.2200        28
    77.2400        32
    77.2600        28
    77.2800        24
    77.3000        26
    77.3200        26
    77.3400        30
    77.3600        26
    77.3800        30
    77.4000        22
    77.4200        26
    77.4400        32
    77.4600        24
    77.4800        14
    77.5000        32
    77.5200        32
    77.5400        20
    77.5600        22
    77.5800        24
    77.6000        42
    77.6200        22
    77.6400        26
    77.6600        28
    77.6800        34
    77.7000        26
    77.7200        26
    77.7400        36
    77.7600        22
    77.7800        30
    77.8000        28
    77.8200        24
    77.8400        28
    77.8600        26
    77.8800        16
    77.9000        26
    77.9200        28
    77.9400        22
    77.9600        32
    77.9800        20
    78.0000        26
    78.0200        22
    78.0400        20
    78.0600        22
    78.0800        20
    78.1000        22
    78.1200        22
    78.1400        22
    78.1600        24
    78.1800        22
    78.2000        28
    78.2200        24
    78.2400        26
    78.2600        22
    78.2800        22
    78.3000        32
    78.3200        24
    78.3400        28
    78.3600        20
    78.3800        24
    78.4000        26
    78.4200        24
    78.4400        18
    78.4600        30
    78.4800        24
    78.5000        12
    78.5200        30
    78.5400        24
    78.5600        24
    78.5800        18
    78.6000        22
    78.6200        20
    78.6400        16
    78.6600        16
    78.6800        24
    78.7000        14
    78.7200        18
    78.7400        26
    78.7600        18
    78.7800        20
    78.8000        14
    78.8200        18
    78.8400        20
    78.8600        12
    78.8800         8
    78.9000        18
    78.9200        14
    78.9400        16
    78.9600        22
    78.9800        16
    79.0000        18
    79.0200        12
    79.0400        20
    79.0600        22
    79.0800        26
    79.1000        18
    79.1200        18
    79.1400        22
    79.1600        22
    79.1800        20
    79.2000        22
    79.2200        10
    79.2400        14
    79.2600        14
    79.2800        26
    79.3000        18
    79.3200        22
    79.3400        20
    79.3600        20
    79.3800        22
    79.4000        14
    79.4200        18
    79.4400        10
    79.4600        16
    79.4800         8
    79.5000        22
    79.5200        18
    79.5400        12
    79.5600        14
    79.5800        18
    79.6000        22
    79.6200        10
    79.6400        14
    79.6600        14
    79.6800        14
    79.7000        18
    79.7200        12
    79.7400        16
    79.7600        16
    79.7800        16
    79.8000        18
    79.8200        16
    79.8400        18
    79.8600        22
    79.8800        14
    79.9000        12
    79.9200        22
    79.9400        14
    79.9600        12
    79.9800        24
    80.0000        12
    80.0200        20
    80.0400        20
    80.0600        24
    80.0800        14
    80.1000        14
    80.1200        14
    80.1400        12
    80.1600        16
    80.1800        12
    80.2000        20
    80.2200        10
    80.2400        10
    80.2600        12
    80.2800        18
    80.3000        10
    80.3200        14
    80.3400        18
    80.3600        14
    80.3800        18
    80.4000        18
    80.4200        16
    80.4400        16
    80.4600        18
    80.4800        16
    80.5000        24
    80.5200        18
    80.5400        22
    80.5600        16
    80.5800        20
    80.6000        18
    80.6200        22
    80.6400        20
    80.6600        12
    80.6800        20
    80.7000        20
    80.7200        16
    80.7400        20
    80.7600        14
    80.7800        16
    80.8000        12
    80.8200        12
    80.8400        26
    80.8600        12
    80.8800        14
    80.9000        28
    80.9200        16
    80.9400        20
    80.9600        16
    80.9800        18
    81.0000        10
    81.0200        16
    81.0400        16
    81.0600        10
    81.0800        18
    81.1000        10
    81.1200        16
    81.1400        18
    81.1600        20
    81.1800        14
    81.2000        20
    81.2200        18
    81.2400        14
    81.2600        20
    81.2800        16
    81.3000        24
    81.3200        16
    81.3400        16
    81.3600        16
    81.3800        22
    81.4000        24
    81.4200        20
    81.4400        14
    81.4600        18
    81.4800        10
    81.5000        16
    81.5200        14
    81.5400        18
    81.5600        18
    81.5800        16
    81.6000        16
    81.6200        12
    81.6400        16
    81.6600        14
    81.6800        20
    81.7000        16
    81.7200        14
    81.7400        18
    81.7600        18
    81.7800        14
    81.8000        18
    81.8200        12
    81.8400        14
    81.8600        24
    81.8800        10
    81.9000        18
    81.9200        14
    81.9400        20
    81.9600        22
    81.9800        16
    82.0000        18
    82.0200        12
    82.0400        22
    82.0600        14
    82.0800        14
    82.1000        18
    82.1200        24
    82.1400        16
    82.1600        12
    82.1800        14
    82.2000        12
    82.2200        16
    82.2400        18
    82.2600        14
    82.2800        12
    82.3000        12
    82.3200        16
    82.3400        14
    82.3600        24
    82.3800         8
    82.4000        16
    82.4200        14
    82.4400        10
    82.4600        18
    82.4800        12
    82.5000        12
    82.5200        10
    82.5400        12
    82.5600        14
    82.5800        16
    82.6000        12
    82.6200        14
    82.6400        16
    82.6600        16
    82.6800        10
    82.7000        18
    82.7200         8
    82.7400        16
    82.7600        18
    82.7800         4
    82.8000        20
    82.8200        12
    82.8400        16
    82.8600        12
    82.8800        16
    82.9000        24
    82.9200        22
    82.9400        12
    82.9600        20
    82.9800        16
    83.0000        12
    83.0200        20
    83.0400        18
    83.0600        16
    83.0800        18
    83.1000        14
    83.1200        16
    83.1400        20
    83.1600        12
    83.1800        20
    83.2000        14
    83.2200        14
    83.2400        26
    83.2600        26
    83.2800        14
    83.3000        18
    83.3200        16
    83.3400        16
    83.3600        12
    83.3800        20
    83.4000        14
    83.4200        20
    83.4400        24
    83.4600        20
    83.4800        18
    83.5000        12
    83.5200        22
    83.5400        22
    83.5600        12
    83.5800        18
    83.6000        18
    83.6200        12
    83.6400        20
    83.6600        28
    83.6800        20
    83.7000        20
    83.7200        26
    83.7400        16
    83.7600        20
    83.7800        18
    83.8000        18
    83.8200        22
    83.8400        16
    83.8600        18
    83.8800        10
    83.9000        14
    83.9200        24
    83.9400        16
    83.9600        20
    83.9800        26
    84.0000        18
    84.0200        22
    84.0400        14
    84.0600        16
    84.0800        12
    84.1000        20
    84.1200        20
    84.1400        16
    84.1600        12
    84.1800        20
    84.2000        14
    84.2200        18
    84.2400        18
    84.2600        26
    84.2800        22
    84.3000        18
    84.3200        20
    84.3400        18
    84.3600        24
    84.3800        16
    84.4000        22
    84.4200        26
    84.4400        20
    84.4600        18
    84.4800        24
    84.5000        22
    84.5200        20
    84.5400        16
    84.5600        22
    84.5800        20
    84.6000        20
    84.6200        30
    84.6400        28
    84.6600        22
    84.6800        20
    84.7000        24
    84.7200        22
    84.7400        20
    84.7600        16
    84.7800        26
    84.8000        22
    84.8200        24
    84.8400        18
    84.8600        24
    84.8800        24
    84.9000        24
    84.9200        24
    84.9400        24
    84.9600        22
    84.9800        14
    85.0000        20
    85.0200        20
    85.0400        16
    85.0600        28
    85.0800        20
    85.1000        12
    85.1200        18
    85.1400        20
    85.1600        10
    85.1800        32
    85.2000        24
    85.2200        24
    85.2400        12
    85.2600        24
    85.2800        34
    85.3000        18
    85.3200        20
    85.3400        10
    85.3600        16
    85.3800        14
    85.4000        14
    85.4200        18
    85.4400        10
    85.4600        14
    85.4800        20
    85.5000        12
    85.5200        18
    85.5400        18
    85.5600        14
    85.5800        22
    85.6000        16
    85.6200        12
    85.6400        16
    85.6600        10
    85.6800        18
    85.7000        16
    85.7200        12
    85.7400        16
    85.7600        16
    85.7800        18
    85.8000        12
    85.8200        10
    85.8400        10
    85.8600        10
    85.8800        16
    85.9000        12
    85.9200        14
    85.9400        12
    85.9600        14
    85.9800        12
    86.0000        18
    86.0200        18
    86.0400        14
    86.0600        16
    86.0800        14
    86.1000        16
    86.1200        22
    86.1400        12
    86.1600        14
    86.1800        16
    86.2000        16
    86.2200        10
    86.2400        14
    86.2600        16
    86.2800        12
    86.3000        16
    86.3200        14
    86.3400        14
    86.3600        10
    86.3800        16
    86.4000        12
    86.4200        12
    86.4400         8
    86.4600        16
    86.4800        12
    86.5000         6
    86.5200        14
    86.5400        14
    86.5600        20
    86.5800         8
    86.6000        28
    86.6200        10
    86.6400        12
    86.6600        14
    86.6800        10
    86.7000        18
    86.7200        10
    86.7400        16
    86.7600        16
    86.7800        20
    86.8000        18
    86.8200        26
    86.8400        12
    86.8600        18
    86.8800        14
    86.9000        18
    86.9200        18
    86.9400        14
    86.9600        16
    86.9800        24
    87.0000        12
    87.0200        20
    87.0400        14
    87.0600        30
    87.0800        22
    87.1000        18
    87.1200        18
    87.1400        14
    87.1600        20
    87.1800        16
    87.2000        20
    87.2200        16
    87.2400        12
    87.2600        10
    87.2800        10
    87.3000        14
    87.3200        26
    87.3400        22
    87.3600        16
    87.3800        16
    87.4000        24
    87.4200        18
    87.4400        18
    87.4600        18
    87.4800        12
    87.5000        20
    87.5200        20
    87.5400        28
    87.5600        26
    87.5800        10
    87.6000        20
    87.6200        22
    87.6400        22
    87.6600        14
    87.6800        18
    87.7000        10
    87.7200        14
    87.7400        22
    87.7600        18
    87.7800        18
    87.8000        14
    87.8200        10
    87.8400        20
    87.8600        24
    87.8800        18
    87.9000        18
    87.9200        22
    87.9400        16
    87.9600        14
    87.9800        16
    88.0000        14
    88.0200        20
    88.0400        18
    88.0600        16
    88.0800        14
    88.1000        10
    88.1200        16
    88.1400        16
    88.1600        20
    88.1800        14
    88.2000        12
    88.2200        12
    88.2400        16
    88.2600        12
    88.2800        18
    88.3000        14
    88.3200        12
    88.3400        28
    88.3600         8
    88.3800        20
    88.4000        20
    88.4200        18
    88.4400        14
    88.4600        12
    88.4800        20
    88.5000        18
    88.5200        18
    88.5400        18
    88.5600        12
    88.5800        16
    88.6000        20
    88.6200        28
    88.6400        14
    88.6600        12
    88.6800        12
    88.7000        18
    88.7200        14
    88.7400        18
    88.7600        10
    88.7800        12
    88.8000        12
    88.8200        14
    88.8400        20
    88.8600        18
    88.8800        16
    88.9000        14
    88.9200        14
    88.9400        16
    88.9600        14
    88.9800        12
    89.0000        18
    89.0200        10
    89.0400        10
    89.0600        20
    89.0800        18
    89.1000        26
    89.1200         8
    89.1400        14
    89.1600        18
    89.1800        16
    89.2000        18
    89.2200        20
    89.2400        14
    89.2600        16
    89.2800        16
    89.3000        10
    89.3200        12
    89.3400        18
    89.3600        14
    89.3800        26
    89.4000        18
    89.4200        20
    89.4400        14
    89.4600        18
    89.4800        20
    89.5000        14
    89.5200        18
    89.5400        12
    89.5600        12
    89.5800        12
    89.6000        24
    89.6200        18
    89.6400        20
    89.6600        10
    89.6800        10
    89.7000        12
    89.7200        14
    89.7400        12
    89.7600        16
    89.7800        12
    89.8000        18
    89.8200        20
    89.8400        18
    89.8600        20
    89.8800        14
    89.9000        18
    89.9200         8
    89.9400        14
    89.9600        12
    89.9800        14
    90.0000         6
